family_a,momentum_rps,oscillator,price_trend,pullback_drawdown,range_breakout,volatility_band,volume_money
momentum_rps,1.0,0.2259958071278826,0.470839951415491,0.6204901787009136,0.32698461248882404,0.292802373590234,0.1510981923255534
oscillator,0.2259958071278826,1.0,0.3510907218425241,0.23363355914861952,0.3119873095721268,0.37163389613165204,0.2907195639347026
price_trend,0.470839951415491,0.3510907218425241,1.0,0.4478513947644645,0.38486811226884443,0.4355299549703993,0.25232910784805707
pullback_drawdown,0.6204901787009136,0.23363355914861952,0.4478513947644645,1.0,0.37927423444079456,0.2913101176039903,0.1393657091923287
range_breakout,0.32698461248882404,0.3119873095721268,0.38486811226884443,0.37927423444079456,1.0,0.37950134559797233,0.2631608020770038
volatility_band,0.292802373590234,0.37163389613165204,0.4355299549703993,0.2913101176039903,0.37950134559797233,1.0,0.26070086990905494
volume_money,0.1510981923255534,0.2907195639347026,0.25232910784805707,0.1393657091923287,0.2631608020770038,0.26070086990905494,1.0
